$SPEC_ID:
No sample description was entered.
$SPEC_REM:
DET# 1
DETDESC# MYON MCB 337
AP# Maestro Version 6.06
$DATE_MEA:
12/19/2022 12:27:21
$MEAS_TIM:
253654 253655
$DATA:
0 511
       0
       0
       0
       0
      82
      97
      90
     112
      77
      90
     100
      93
      92
      88
      59
      94
      95
      79
      89
     104
      92
     112
      95
      98
      91
      88
      85
      90
      71
      78
      72
      79
      66
      73
      75
      69
      75
      71
      68
      76
      72
      64
      58
      74
      74
      57
      63
      60
      71
      57
      45
      52
      52
      56
      53
      58
      63
      59
      63
      64
      42
      45
      64
      51
      45
      54
      50
      49
      45
      40
      37
      47
      47
      48
      57
      60
      50
      60
      40
      42
      54
      48
      37
      48
      52
      45
      52
      47
      44
      38
      49
      33
      40
      48
      44
      32
      42
      32
      40
      34
      42
      25
      35
      36
      27
      33
      42
      30
      33
      33
      37
      47
      35
      32
      31
      29
      31
      39
      29
      43
      41
      22
      36
      40
      42
      35
      39
      30
      25
      31
      21
      25
      32
      25
      27
      28
      33
      26
      27
      25
      28
      29
      23
      19
      26
      25
      28
      33
      22
      24
      21
      26
      23
      12
      21
      25
      13
      21
      26
      18
      21
      23
      24
      24
      11
      17
      22
      30
      21
      17
      20
      18
      21
      13
      20
      13
      17
      13
      10
      10
      16
      15
      20
      19
      24
      13
      22
      12
      17
      17
      14
      19
      15
      13
      13
       9
      15
      13
      12
      18
      15
      13
      14
      11
      16
       8
      15
      12
      11
      16
      18
      19
      15
      12
      13
       8
       9
      11
      10
      16
      15
       8
      14
       8
      19
      18
      10
      12
      12
      10
      12
      12
      12
      10
      13
       9
       6
      10
       8
      11
       8
      11
      11
      11
      14
       6
       6
       7
       8
       7
       6
       7
       6
       4
      11
       3
       6
       6
      10
      14
       7
      11
      12
       5
       5
       8
       8
      11
      11
       5
       6
       6
       7
       9
       8
       8
      12
       9
      12
      13
      11
       8
       9
      10
       9
       9
       1
       8
       7
      10
       9
      13
       7
      12
      12
       6
       4
       8
       6
       5
       5
      10
       1
       3
       7
       6
       2
       7
       8
       7
       8
       3
      12
       5
       2
       4
       8
       6
       7
       1
       5
       9
       4
       4
       0
       4
       2
       4
       4
       2
       7
       8
       8
       6
       6
       2
       7
       3
       7
       4
       6
       4
       7
       2
       3
       3
       2
       2
       5
       4
       6
       2
       5
       6
       5
       6
       8
       2
       9
      11
       5
       6
       7
       5
       5
       4
       4
       2
       7
       3
       5
       3
       3
       3
       7
       1
       2
       3
       3
       2
       3
       6
       2
       2
       5
       1
       9
       6
       3
       5
       3
       4
       2
       3
       1
       5
       2
       0
       3
       4
       3
       2
       5
       3
       3
       5
       0
       3
       3
       3
       4
       5
       2
       2
       2
       2
       2
       4
       3
       1
       2
       6
       4
       1
       3
       1
       2
       3
       6
       5
       3
       3
       1
       2
       5
       2
       5
       2
       1
       3
       2
       0
       3
       0
       3
       6
       2
       0
       1
       3
       1
       2
       3
       1
       3
       0
       2
       2
       3
       4
       1
       4
       2
       2
       0
       0
       0
       0
       0
       0
       0
       0
       0
       0
       0
       0
       0
       0
       0
       0
       0
       0
       0
       0
       0
       0
       0
       0
       0
       0
       0
       0
       0
       0
       0
       0
       0
       0
       0
       0
       0
       0
       0
       0
       0
       0
       0
       0
       0
       0
       0
       0
$ROI:
0
$PRESETS:
None
0
0
$ENER_FIT:
-2.326062 0.088583
$MCA_CAL:
3
-2.326062E+000 8.858320E-002 -1.636990E-004 micr
$SHAPE_CAL:
3
0.000000E+000 0.000000E+000 0.000000E+000
