#f in MHz, peak 1 sweep in 0.1A,  peak 1 horizontal in 0.3A, peak 2 sweep in 0.1A,  peak 2 horizontal in 0.3A
0.1     6.23    0       7.405       0
0.2     3.655   0.11    6.04        0.11
0.3     4.27    0.16    7.83        0.16
0.4     2.900   0.22    8.635       0.22
0.5     2.57    0.3     8.49        0.3
0.6     2.48    0.36    9.57        0.36
0.7     1.745   0.43    10.02       0.43
0.8     2.565   0.47    7.805       0.57
0.9     4.23    0.48    8.97        0.62
1.0     2.72    0.57    8.85        0.7